2018-04-29,679271,01,10,08,05,09,07,04,06,02,03

@LStrPos:Integer
005A0B6D


A+A+(C+C)+(A-G)+(F+5)  10次循环，10个赛道，每次取赛道对应的记录的值
（找到继续，找不到就退出）



公式字符串计算成数字 005A0B56  |.  E8 19A5FBFF   |call PK10Auto.0055B074                                    ;  公式字符串计算成数字
定位内存地址  005A0B6D  |.  E8 9A43E6FF   |call PK10Auto.00404F0C  ;  @LStrPos:Integer 查找字符串首次出现的位置


=============1次循环

中奖号码     01   ( 01,10,08,05,09,07,04,06,02,03  679271期 取第1位  结果  01)

计算出的号码  05 06 08 10 02 03

=============2次循环

10  (01,  10,08,05,09,07,04,06,02,03  679271期 取第2位  结果 10)
05 06 08 09 10 02 03


01  (09,  01,06,05,03,04,10,08,07,02  679270 2 01)

08 09 01 02 03 05 06



04   (01,04,07,02,03,09,10,05,06,08  679269  2  04)
09 10 02 03 04 06 07


06   (10,06,01,03,07,09,04,02,05,08 679268 2 06)

08 09 01 02 03 05 06


04   (10,04,05,02,01,03,07,08,06,09  679267 2 04)

05 06 08 09 10 02 03

=============3次循环
08   (01, 10,08,05,09,07,04,06,02,03  679271 3  08)
05 06 08 09 10 02 03


06   (09,01,06,05,03,04,10,08,07,02  679270 3 06)
08 09 01 02 03 05 06


07   (01,04,07,02,03,09,10,05,06,08  679269 3 07)
09 10 02 03 04 06 07


01   (10,06,01,03,07,09,04,02,05,08 679268 3 01)
08 09 01 02 03 05 06



05   (10,04,05,02,01,03,07,08,06,09  679267 3 05)
05 06 08 09 10 02 03

01   (04,08,01,07,05,09,10,06,03,02  679266 3 01)
09 10 02 03 04 06 07


=============4次循环 
05  (01,10,08,05,09,07,04,06,02,03  679271 4  05)
 
05 06 08 09 10 02 03


05  ( 09,01,06,05,03,04,10,08,07,02  679270  4 05)
08 09 01 02 03 05 06

  
02  ( 01,04,07,02,03,09,10,05,06,08  679269 4 02)
09 10 02 03 04 06 07 


03    (10,06,01,03,07,09,04,02,05,08 679268 4 03)
08 09 01 02 03 05 06


02    (10,04,05,02,01,03,07,08,06,09  679267 4 02)
05 06 08 09 10 02 03






